201506011400
201506011500
201506011600
201506011700
201506011800
201506011900
201506012000
201506012100
201506012200
201506012300
201506020000
201506020100
201506020200
201506020300
201506020400
201506020500
201506020600
201506020700
201506040700
201506040800
201506040900
201506041000
201506041100
201506041200
201506041300
201506041400
201506041500
201506041600
201506041700
201506041800
201506041900
201506042000
201506042100
201506042200
201506051000
201506051100
201506051200
201506051300
201506051400
201506051500
201506051600
201506051700
201506051800
201506051900
201506052000
201506052100
201506052200
201506052300
201506060000
201506060100
201506060200
201506060300
201506060700
201506060800
201506060900
201506061000
201506061100
201506061200
201506061300
201506061400
201506061500
201506061600
201506061700
201506061800
201506061900
201506062000
201506062100
201506062200
201506062300
201506070000
201506070800
201506070900
201506071000
201506071100
201506071200
201506071300
201506071400
201506071500
201506071600
201506071700
201506071800
201506071900
201506072000
201506072100
201506072200
201506072300
201506080900
201506081000
201506081100
201506081200
201506081300
201506081400
201506081500
201506081600
201506081700
201506082000
201506082100
201506082200
201506082300
201506090000
201506090100
201506090200
201506090900
201506091000
201506091100
201506091200
201506091300
201506091400
201506091500
201506091600
201506091700
201506091800
201506091900
201506092000
201506092100
201506092200
201506092300
201506100000
201506100100
201506100200
201506100300
201506100400
201506100500
201506100600
201506100700
201506100800
201506100900
201506101000
201506101100
201506101200
201506101300
201506101400
201506101500
201506101600
201506101700
201506101800
201506101900
201506102000
201506102100
201506102200
201506102300
201506110000
201506110100
201506110900
201506111000
201506111100
201506111200
201506111300
201506111400
201506111500
201506111600
201506111700
201506111800
201506111900
201506112000
201506112100
201506120000
201506120100
201506120200
201506120300
201506120400
201506120500
201506120800
201506120900
201506121000
201506121100
201506121200
201506121300
201506121400
201506121500
201506121600
201506121700
201506121800
201506121900
201506130600
201506130700
201506130800
201506130900
201506131000
201506131100
201506131200
201506131300
201506131400
201506131500
201506131600
201506131700
201506131800
201506131900
201506132000
201506150400
201506150500
201506150600
201506150700
201506150800
201506150900
201506151000
201506151100
201506151200
201506151300
201506151400
201607301000
201607300900
201607300800
201607301100
201607301200
201607300700
201607301300
201607300600
201607301400
201507271300
201507271400
201507271500
201507271200
201507271600
201607300500
201507271100
201507271700
201607301500
201608121100
201608121000
201507271000
201608121200
201608120900
201608120800
201608121300
201507271800
201607300400
201609041200
201608120700
201609041300
201608121400
201706191600
201706191500
201607301600
201609041100
201609041400
201507270900
201706211300
201706211200
201608120600
201606300500
201706191400
201606300600
201706211100
201706211400
201606300400
201706191700
201609041500
201507271900
201606300700
201609041000
201608121500
201706211000
201609041600
201606271200
201706211500
201606300300
201606271300
201606271100
201507211200
201606300800
201606271000
201606091200
201606271400
201706191300
201606091300
201507211100
201608120500
201606091100
201606091000
201606270900
201706191800
201507211300
201706211600
201607241400
201607300300
201606091400
201606271500
201609041700
201606300900
201706210900
201508011400
201507211000
201508011500
201607241300
201606091500
201609040900
201606131300
201606131200
201607301700
201607241500
201606270800
201606301100
201606090900
201606271600
201606091600
201606091700
201606301000
201606300200
201606301200
201608121600
201609102000
201609102100
201507270800
201509241600
201508011600
201507211400
201606271700
201606131100
201606271800
201509241500
201606272000
201507210900
201608061300
201706191900
201609102200
201606271900
201606131400
201606091800
201609101900
201608061400
201609041800
201706191200
201606211200
201606211300
201606211100
201606272100
201609101800
201606270700
201509241700
201706211700
201509241400
201607241200
201607241600
201609102300
201608061200
201508030000
201609101700
201508030100
201608061500
201606090800
201606211400
201606211000
201706210800
201606272200
201508022300
201507272000
201607241700
201608120400
201609101600
201608061100
201606131500
201507211500
201508030200
201609040800
201507210800
201607251300
201607251200
201607241800
201706192000
201509241800
201606131000
201607241100
201606091900
201508022200
201607251100
201607251400
201606270600
201606272300
201608121700
201509241300
201606301300
201609101500
201609110000
201608061000
201606280500
201608061600
201508011700
201607241900
201606280600
201606210900
201607242000
201606211500
201606300100
201607301800
201508022100
201607251000
201606280700
201607242100
201508300600
201508300700
201609041900
201706191100
201606131600
201606090700
201606280400
201606280000
201508030300
201508071200
201508071300
201609110100
201507211600
201607241000
201606101400
201508071400
201608060900
201606280100
201508300500
201607251500
201606281100
201606281200
201706192100
201607300200
201607250900
201609040700
201609101400
201509241900
201607242200
201507210700
201606281000
201508071100
201606130900
201606280800
201609110200
201606270500
201606280200
201606280300
201606101300
201606280900
201508030400
201508300800
201606092000
201609110300
201606101500
201508230800
201509241200
201608121800
201608061700
201706210700
201508230900
201706211800
201508022000
201508300400
201609110400
201606281300
201609110500
201508071000
201606101200
201508071500
201607250800
201606131700
201508231000
201508030500
201508230700
201607242300
201609110600
201508310500
201607301900
201608120300
201508231100
201607240900
201507270700
201606301400
201608060800
201606210800
201608010600
201508310400
201606211600
201508300900
201606090600
201608010700
201609111000
201706301200
201706191000
201706192200
201609110700
201706301100
201606101100
201508310600
201606092100
201608010800
201609101300
201609111100
201606101600
201609042000
201608010500
201607251600
201508070900
201609110900
201706301000
201509242000
201508230600
201508071600
201507211700
201609110800
201606300000
201706300900
201508300300
201607250700
201507301300
201508030600
201607250000
201507301200
201508310300
201606270400
201507272100
201606281400
201606130800
201606291100
201508231200
201507210600
201706300800
201706301300
201508021900
201609040600
201607240800
201507301400
201508011800
201609111200
201606291000
201606291200
201606131800
201508310700
201706271200
201706271300
201507301100
201606101000
201509241100
201608010900
201607302000
201507241100
201608010400
201606290900
201508301000
201608061800
201607250600
201606090500
201507241200
201706271400
201706271100
201508020800
201508070800
201508021500
201606292300
201507241000
201706300700
201508020900
201609301500
201706231200
201608121900
201508021600
201609071100
201606291300
201607250500
201706231100
201609071200
201508021000
201607300100
201706271000
201507301500
201508310200
201609301400
201609301600
201609071000
201508021800
201507240900
201706190900
201606290800
201508310800
201609071300
201509242100
201508021700
201608060700
201706230600
201507301000
201507291500
201606092200
201607250400
201508071700
201607250100
201706230700
201508230500
201508020700
201508030700
201607302100
201507240800
201606101700
201508221200
201706231000
201706231300
201507291400
201606131900
201609301700
201606301500
201706230800
201508021100
201706271500
201706181100
201507291600
201706181200
201508221100
201609101200
201706192300
201706230900
201706181000
201609071400
201609070900
201609111300
201706281500
201508300200
201607251700
201706230500
201606211700
201508021400
201606100900
201606290700
201706281400
201507241300
201608010300
201608120200
201507291700
201606281500
201508021200
201508021300
201508221300
201606130700
201606292200
201706180900
201706270900
201508231300
201607250300
201607230800
201706281600
201607250200
201706301400
201507301600
201609301800
201507291300
201508221000
201507240700
201606210700
201508301100
201706300600
201508310900
201606090400
201607230700
201609042100
201706180800
201507211800
201706210600
201507300900
201507140800
201509241000
201507291800
201706231400
201507140700
201706281300
201609040500
201606291400
201606270300
201508020600
201607302200
201706181300
201706230400
201706211900
201706251000
201706251100
201706251200
201508281200
201606092300
201706281700
201507140600
201706250900
201609301900
201607230900
201507140900
201607300000
201507140500
201508070700
201706180700
201508220900
201608011000
201609070800
201706190800
201606171800
201607230600
201508281300
201606171700
201606290600
201608061900
201606301600
201608010200
201706250800
201508221400
201508311000
201508310100
201508281100
201509242200
201706120900
201507141000
201606171900
201706251300
201507291900
201606130600
201607302300
201606171600
201606221500
201609071500
201606132000
201706121000
201508230400
201508030800
201507240600
201508300100
201507270600
201507301700
201507140400
201706271600
201606100800
201507241400
201706270800
201608122000
201607281500
201508301200
201508011900
201606221400
201606101800
201706281800
201508281000
201706230300
201706281200
201607230500
201706231500
201508220800
201607310000
201507291200
201706250700
201606221300
201706120800
201606221600
201608060600
201609111400
201507220800
201507220700
201508311100
201606221200
201609101100
201705311300
201507292000
201607281400
201606301700
201706121100
201508020500
201507141100
201607251800
201706171300
201606281600
201507220900
201706171200
201508281400
201606221100
201507171400
201606171500
201507272200
201705311200
201609302000
201607292300
201508231400
201607230400
201507300800
201607281600
201507171500
201507220600
201608120100
201508280900
201607231000
201508071800
201507211900
201706230200
201507221000
201608010100
201606211800
201706121200
201705311400
201509240900
201705311100
201607310100
201507140300
201507171300
201609070700
201507301800
201606292100
201606221000
201606172000
201706200000
201606100000
201606221700
201706121300
201609040400
201507221100
201706251400
201508311200
201706171400
201606290500
201706171100
201705311000
201508280800
201706190700
201507292100
201607271200
201606171400
201507220500
201705290600
201508220700
201606301800
201507191100
201706281900
201507191200
201607271300
201706120700
201508221500
201507171600
201606291500
201705290500
201706230100
201609042200
201706250600
201507191000
201609071600
201507171200
201705290700
201607310200
201607271100
201508310000
201705310900
201606270200
201508030900
201608062000
201706301500
201607230300
201607281300
201507221200
201508300000
201706181400
201507141200
201509242300
201609101000
201606220900
201608122100
201607281700
201507291100
201607292200
201508070600
201606130500
201706281100
201508051500
201706121400
201508301300
201705290400
201507190900
201608011100
201706270700
201705290800
201705290300
201508281500
201607271000
201507191300
201507171100
201607271400
201706230000
201705290200
201507220400
201706171500
201508051400
201508280700
201606221800
201706231600
201509010100
201507300700
201507301900
201508020400
201507212000
201706271700
201705291200
201507181200
201705290900
201705291100
201508051300
201507171700
201706120600
201507170900
201507171000
201509010200
201507140200
201608111200
201508260800
201608111300
201508260900
201508051600
201508260700
201508261000
201508051200
201705310800
201509010000
201705291300
201507170800
201508261100
201507241500
201606100700
201706171000
201509010300
201507181300
201508230300
201706222300
201607231100
201507181100
201607270900
201608010000
201507292200
201507221300
201606171300
201607310300
201508220600
201706180400
201609100900
201706222200
201705291000
201509010400
201508260600
201507171800
201606101900
201508051100
201706210500
201609111500
201706251500
201606132100
201608111100
201606301900
201507181000
201509240800
201706291100
201706291200
201507170700
201508012000
201508311300
201706291000
201608120000
201507181400
201508261200
201705311500
201507190800
201607271500
201706222100
201508312300
201508051700
201606172100
201706290900
201706291300
201507180900
201508302300
201608111400
201705290100
201507132100
201706170900
201606220800
201607230200
201609302100
201607251900
201508270700
201609040300
201507220300
201507140100
201508312200
201609031400
201606171200
201508231500
201706212000
201609100800
201509010500
201507132000
201705310700
201508271000
201706171600
201507300600
201508271100
201507281800
201508031000
201507180800
201507281900
201508270900
201705291400
201706282000
201507041100
201508180700
201608111000
201706120500
201507132200
201507140000
201508270600
201606100100
