201705190800
201705190900
201705191000
201705191100
201705191200
201705191300
201705191400
201705191500
201705280800
201705280900
201705281000
201705281100
201705281200
201705281300
201705281400
201705281500
201705281600
201705281700
201705281800
201705281900
201705282000
201705282100
201705282200
201705282300
201705290000
201705290100
201705290200
201705290300
201705290400
201705290500
201705290600
201705290700
201705290800
201705290900
201705291000
201705291100
201705291200
201705291300
201705291400
201705291500
201705291600
201705291700
201705291800
201705291900
201705292000
201705292100
201705292200
201705292300
201705300000
201705300100
201705300200
201705300300
201705300400
201705300500
201705300600
201705300700
201705300800
201705300900
201705301000
201705301100
201705301200
201705301300
201705301400
201705301500
201705301600
201705310700
201705310800
201705310900
201705311000
201705311100
201705311200
201705311300
201705311400
201705311500
201705311600
201705311700
201705311800
201706020600
201706020700
201706020800
201706020900
201706021000
201706021100
201706080900
201706081000
201706081100
201706081200
201706081300
201706081400
201706081500
201706081600
201706081700
201706110500
201706110600
201706110700
201706110800
201706110900
201706111000
201706111100
201706111200
201706111300
201706111400
201706111500
201706111600
201706111700
201706111800
201706111900
201706112000
201706112100
201706112200
201706112300
201706120000
201706120100
201706120200
201706120300
201706120400
201706120500
201706120600
201706120700
201706120800
201706120900
201706121000
201706121100
201706121200
201706121300
201706121400
201706121500
201706121600
201706121700
201706121800
201706121900
201706130100
201706130200
201706130300
201706130400
201706130500
201706130600
201706170700
201706170800
201706170900
201706171000
201706171100
201706171200
201706171300
201706171400
201706171500
201706171600
201706171700
201706171800
201706171900
201706172000
201706180200
201706180300
201706180400
201706180700
201706180800
201706180900
201706181000
201706181100
201706181200
201706181300
201706181400
201706181500
201706181600
201706181700
201706190500
201706190700
201706190800
201706190900
201706191000
201706191100
201706191200
201706191300
201706191400
201706191500
201706191600
201706191700
201706191800
201706191900
201706192000
201706192100
201706192200
201706192300
201706200000
201706200100
201706200200
201706210200
201706210300
201706210400
201706210500
201706210600
201706210700
201706210800
201706210900
201706211000
201706211100
201706211200
201706211300
201706211400
201706211500
201706211600
201706211700
201706211800
201706211900
201706212000
201706212100
201706212200
201706221200
201706221300
201706221400
201706221500
201706221600
201706221700
201706221800
201706221900
201706222000
201706222100
201706222200
201706222300
201706230000
201706230100
201706230200
201706230300
201706230400
201706230500
201706230600
201706230700
201706230800
201706230900
201706231000
201706231100
201706231200
201706231300
201706231400
201706231500
201706231600
201706231700
201706231800
201706231900
201706232000
201706232100
201706250600
201706250700
201706250800
201706250900
201706251000
201706251100
201706251200
201706251300
201706251400
201706251500
201706251600
201706251700
201706270700
201706270800
201706270900
201706271000
201706271100
201706271200
201706271300
201706271400
201706271500
201706271600
201706271700
201706271800
201706271900
201706280700
201706280800
201706280900
201706281000
201706281100
201706281200
201706281300
201706281400
201706281500
201706281600
201706281700
201706281800
201706281900
201706282000
201706282100
201706282200
201706282300
201706290700
201706290800
201706290900
201706291000
201706291100
201706291200
201706291300
201706291400
201706291500
201706291600
201706291700
201706300600
201706300700
201706300800
201706300900
201706301000
201706301100
201706301200
201706301300
201706301400
201706301500
201706301600
201706301700
